/*
            0 YELLOW
1 ORANGE    2 BLUE      4 RED
            5 WHITE
            3 GREEN
BLACK 7
*/

/*
    Coordinate System:
        x:  down    rows
        y:  right   columns
        z:  front   sheets
*/

/*
B--------------------------------------
      | 3 1 3 |
      | 0 7 1 |
      | 0 0 3 |

5 3 3 | 1 1 4 | 3 4 3
4 1  | 2 2 3 | 3 4 1
5 4 3 | 5 5 3 | 2 4 3

      | 5 5 5 |
      | 0 5 5 |
      | 3 1  |

      | 5 3  |
      | 5 3 5 |
      | 2 2 3 |
B--------------------------------------
      | 3 1 3 |
      | 0 7 1 |
      | 0 0 3 |

3 3 3 | 1 1 4 | 3 4 3
1 1  | 2 2 3 | 3 4 1
3 4 3 | 5 5 3 | 2 4 3

      | 5 4 5 |
      | 0 5 5 |
      | 3 1  |

      | 2 5  |
      | 2 3 3 |
      | 3 5 5 |
B--------------------------------------
      | 3 1 3 |
      | 0 7 1 |
      | 0 0 3 |

3 3 3 | 1 1 4 | 3 4 3
1 1  | 2 2 3 | 3 4 1
3 4 3 | 5 5 3 | 2 4 3

      | 3 1 3 |
      | 0 5 5 |
      | 3 1  |

      | 3 2  |
      | 5 3 5 |
      | 5 3 5 |
*/